0
 ,-JjAaNnUuLlFfEeBbMmRrYyGgPpSsOoCcTtVvDdCc0123456789
27 37
 
-1 -1, 0 -1, 1 -1, 2 -1, 3 -1, 4 -1, 5 -1, 6 -1, 7 -1, 8 -1, 9 -1, 10 -1, 11 -1, 12 -1, 13 -1, 14 -1, 15 -1, 16 -1, 17 -1, 18 -1, 19 20, 20 -1, 21 -1, 22 -1, 23 38, 24 -1, 25 -1, 26 -1, 27 -1, 28 -1, 29 -1, 30 -1, 31 -1, 32 -1, 33 -1, 34 -1, 35 -1, 36 -1, 37 -1, 38 -1
Jj
-1 -1, 0 1, 1 -1, 2 -1, 3 -1, 4 -1, 5 -1, 6 -1, 7 -1, 8 -1, 9 -1, 10 -1, 11 -1, 12 -1, 13 -1, 14 -1, 15 -1, 16 -1, 17 -1, 18 -1, 19 -1, 20 -1, 21 -1, 22 -1, 23 -1, 24 -1, 25 -1, 26 -1, 27 -1, 28 -1, 29 -1, 30 -1, 31 -1, 32 -1, 33 -1, 34 -1, 35 -1, 36 -1, 37 -1, 38 -1
Aa
-1 -1, 0 8, 1 2, 2 -1, 3 -1, 4 -1, 5 -1, 6 7, 7 -1, 8 -1, 9 -1, 10 -1, 11 -1, 12 -1, 13 -1, 14 -1, 15 -1, 16 -1, 17 -1, 18 -1, 19 -1, 20 -1, 21 -1, 22 -1, 23 -1, 24 -1, 25 -1, 26 -1, 27 -1, 28 -1, 29 -1, 30 -1, 31 -1, 32 -1, 33 -1, 34 -1, 35 -1, 36 -1, 37 -1, 38 -1
Nn
-1 -1, 0 15, 1 -1, 2 19, 3 19, 4 -1, 5 -1, 6 -1, 7 -1, 8 -1, 9 -1, 10 -1, 11 -1, 12 -1, 13 -1, 14 -1, 15 -1, 16 -1, 17 -1, 18 -1, 19 -1, 20 -1, 21 -1, 22 -1, 23 -1, 24 -1, 25 -1, 26 -1, 27 -1, 28 -1, 29 -1, 30 -1, 31 -1, 32 -1, 33 -1, 34 -1, 35 -1, 36 -1, 37 -1, 38 -1
Uu
-1 -1, 0 -1, 1 3, 2 -1, 3 -1, 4 -1, 5 -1, 6 -1, 7 -1, 8 9, 9 -1, 10 -1, 11 -1, 12 -1, 13 -1, 14 -1, 15 -1, 16 -1, 17 -1, 18 -1, 19 -1, 20 -1, 21 -1, 22 -1, 23 -1, 24 -1, 25 -1, 26 -1, 27 -1, 28 -1, 29 -1, 30 -1, 31 -1, 32 -1, 33 -1, 34 -1, 35 -1, 36 -1, 37 -1, 38 -1
Ll
-1 -1, 0 -1, 1 -1, 2 -1, 3 19, 4 -1, 5 -1, 6 -1, 7 -1, 8 -1, 9 -1, 10 -1, 11 -1, 12 -1, 13 -1, 14 -1, 15 -1, 16 -1, 17 -1, 18 -1, 19 -1, 20 -1, 21 -1, 22 -1, 23 -1, 24 -1, 25 -1, 26 -1, 27 -1, 28 -1, 29 -1, 30 -1, 31 -1, 32 -1, 33 -1, 34 -1, 35 -1, 36 -1, 37 -1, 38 -1
Ff
-1 -1, 0 4, 1 -1, 2 -1, 3 -1, 4 -1, 5 -1, 6 -1, 7 -1, 8 -1, 9 -1, 10 -1, 11 -1, 12 -1, 13 -1, 14 -1, 15 -1, 16 -1, 17 -1, 18 -1, 19 -1, 20 -1, 21 -1, 22 -1, 23 -1, 24 -1, 25 -1, 26 -1, 27 -1, 28 -1, 29 -1, 30 -1, 31 -1, 32 -1, 33 -1, 34 -1, 35 -1, 36 -1, 37 -1, 38 -1
Ee
-1 -1, 0 -1, 1 -1, 2 -1, 3 -1, 4 5, 5 -1, 6 -1, 7 -1, 8 -1, 9 -1, 10 -1, 11 12, 12 -1, 13 -1, 14 -1, 15 -1, 16 -1, 17 18, 18 -1, 19 -1, 20 -1, 21 -1, 22 -1, 23 -1, 24 -1, 25 -1, 26 -1, 27 -1, 28 -1, 29 -1, 30 -1, 31 -1, 32 -1, 33 -1, 34 -1, 35 -1, 36 -1, 37 -1, 38 -1
Bb
-1 -1, 0 -1, 1 -1, 2 -1, 3 -1, 4 -1, 5 19, 6 -1, 7 -1, 8 -1, 9 -1, 10 -1, 11 -1, 12 -1, 13 -1, 14 -1, 15 -1, 16 -1, 17 -1, 18 -1, 19 -1, 20 -1, 21 -1, 22 -1, 23 -1, 24 -1, 25 -1, 26 -1, 27 -1, 28 -1, 29 -1, 30 -1, 31 -1, 32 -1, 33 -1, 34 -1, 35 -1, 36 -1, 37 -1, 38 -1
Mm
-1 -1, 0 6, 1 -1, 2 -1, 3 -1, 4 -1, 5 -1, 6 -1, 7 -1, 8 -1, 9 -1, 10 -1, 11 -1, 12 -1, 13 -1, 14 -1, 15 -1, 16 -1, 17 -1, 18 -1, 19 -1, 20 -1, 21 -1, 22 -1, 23 -1, 24 -1, 25 -1, 26 -1, 27 -1, 28 -1, 29 -1, 30 -1, 31 -1, 32 -1, 33 -1, 34 -1, 35 -1, 36 -1, 37 -1, 38 -1
Rr
-1 -1, 0 -1, 1 -1, 2 -1, 3 -1, 4 -1, 5 -1, 6 -1, 7 19, 8 -1, 9 -1, 10 19, 11 -1, 12 -1, 13 -1, 14 -1, 15 -1, 16 -1, 17 -1, 18 -1, 19 -1, 20 -1, 21 -1, 22 -1, 23 -1, 24 -1, 25 -1, 26 -1, 27 -1, 28 -1, 29 -1, 30 -1, 31 -1, 32 -1, 33 -1, 34 -1, 35 -1, 36 -1, 37 -1, 38 -1
Yy
-1 -1, 0 -1, 1 -1, 2 -1, 3 -1, 4 -1, 5 -1, 6 -1, 7 19, 8 -1, 9 -1, 10 -1, 11 -1, 12 -1, 13 -1, 14 -1, 15 -1, 16 -1, 17 -1, 18 -1, 19 -1, 20 -1, 21 -1, 22 -1, 23 -1, 24 -1, 25 -1, 26 -1, 27 -1, 28 -1, 29 -1, 30 -1, 31 -1, 32 -1, 33 -1, 34 -1, 35 -1, 36 -1, 37 -1, 38 -1
Gg
-1 -1, 0 -1, 1 -1, 2 -1, 3 -1, 4 -1, 5 -1, 6 -1, 7 -1, 8 -1, 9 19, 10 -1, 11 -1, 12 -1, 13 -1, 14 -1, 15 -1, 16 -1, 17 -1, 18 -1, 19 -1, 20 -1, 21 -1, 22 -1, 23 -1, 24 -1, 25 -1, 26 -1, 27 -1, 28 -1, 29 -1, 30 -1, 31 -1, 32 -1, 33 -1, 34 -1, 35 -1, 36 -1, 37 -1, 38 -1
Pp
-1 -1, 0 -1, 1 -1, 2 -1, 3 -1, 4 -1, 5 -1, 6 -1, 7 -1, 8 10, 9 -1, 10 -1, 11 -1, 12 19, 13 -1, 14 -1, 15 -1, 16 -1, 17 -1, 18 -1, 19 -1, 20 -1, 21 -1, 22 -1, 23 -1, 24 -1, 25 -1, 26 -1, 27 -1, 28 -1, 29 -1, 30 -1, 31 -1, 32 -1, 33 -1, 34 -1, 35 -1, 36 -1, 37 -1, 38 -1
Ss
-1 -1, 0 11, 1 -1, 2 -1, 3 -1, 4 -1, 5 -1, 6 -1, 7 -1, 8 -1, 9 -1, 10 -1, 11 -1, 12 -1, 13 -1, 14 -1, 15 -1, 16 -1, 17 -1, 18 -1, 19 -1, 20 -1, 21 -1, 22 -1, 23 -1, 24 -1, 25 -1, 26 -1, 27 -1, 28 -1, 29 -1, 30 -1, 31 -1, 32 -1, 33 -1, 34 -1, 35 -1, 36 -1, 37 -1, 38 -1
Oo
-1 -1, 0 13, 1 -1, 2 -1, 3 -1, 4 -1, 5 -1, 6 -1, 7 -1, 8 -1, 9 -1, 10 -1, 11 -1, 12 -1, 13 -1, 14 -1, 15 16, 16 -1, 17 -1, 18 -1, 19 -1, 20 -1, 21 -1, 22 -1, 23 -1, 24 -1, 25 -1, 26 -1, 27 -1, 28 -1, 29 -1, 30 -1, 31 -1, 32 -1, 33 -1, 34 -1, 35 -1, 36 -1, 37 -1, 38 -1
Cc
-1 -1, 0 13, 1 -1, 2 -1, 3 -1, 4 -1, 5 -1, 6 -1, 7 -1, 8 -1, 9 -1, 10 -1, 11 -1, 12 -1, 13 14, 14 -1, 15 16, 16 -1, 17 -1, 18 19, 19 -1, 20 -1, 21 -1, 22 -1, 23 -1, 24 -1, 25 -1, 26 -1, 27 -1, 28 -1, 29 -1, 30 -1, 31 -1, 32 -1, 33 -1, 34 -1, 35 -1, 36 -1, 37 -1, 38 -1
Tt
-1 -1, 0 -1, 1 -1, 2 -1, 3 -1, 4 -1, 5 -1, 6 -1, 7 -1, 8 -1, 9 -1, 10 -1, 11 -1, 12 -1, 13 -1, 14 19, 15 -1, 16 -1, 17 -1, 18 -1, 19 -1, 20 -1, 21 -1, 22 -1, 23 -1, 24 -1, 25 -1, 26 -1, 27 -1, 28 -1, 29 -1, 30 -1, 31 -1, 32 -1, 33 -1, 34 -1, 35 -1, 36 -1, 37 -1, 38 -1
Vv
-1 -1, 0 -1, 1 -1, 2 -1, 3 -1, 4 -1, 5 -1, 6 -1, 7 -1, 8 -1, 9 -1, 10 -1, 11 -1, 12 -1, 13 -1, 14 -1, 15 -1, 16 19, 17 -1, 18 -1, 19 -1, 20 -1, 21 -1, 22 -1, 23 -1, 24 -1, 25 -1, 26 -1, 27 -1, 28 -1, 29 -1, 30 -1, 31 -1, 32 -1, 33 -1, 34 -1, 35 -1, 36 -1, 37 -1, 38 -1
Dd
-1 -1, 0 17, 1 -1, 2 -1, 3 -1, 4 -1, 5 -1, 6 -1, 7 -1, 8 -1, 9 -1, 10 -1, 11 -1, 12 -1, 13 -1, 14 -1, 15 -1, 16 -1, 17 -1, 18 -1, 19 -1, 20 -1, 21 -1, 22 -1, 23 -1, 24 -1, 25 -1, 26 -1, 27 -1, 28 -1, 29 -1, 30 -1, 31 -1, 32 -1, 33 -1, 34 -1, 35 -1, 36 -1, 37 -1, 38 -1
0123456789
-1 -1, 0 28, 1 -1, 2 -1, 3 -1, 4 -1, 5 -1, 6 -1, 7 -1, 8 -1, 9 -1, 10 -1, 11 -1, 12 -1, 13 -1, 14 -1, 15 -1, 16 -1, 17 -1, 18 -1, 19 -1, 20 21, 21 22, 22 -1, 23 -1, 24 25, 25 26, 26 27, 27 -1, 28 29, 29 30, 30 31, 31 -1, 32 33, 33 34, 34 -1, 35 36, 36 37, 37 -1, 38 24
,
-1 -1, 0 -1, 1 -1, 2 -1, 3 -1, 4 -1, 5 -1, 6 -1, 7 -1, 8 -1, 9 -1, 10 -1, 11 -1, 12 -1, 13 -1, 14 -1, 15 -1, 16 -1, 17 -1, 18 -1, 19 -1, 20 -1, 21 23, 22 23, 23 -1, 24 -1, 25 -1, 26 -1, 27 -1, 28 -1, 29 -1, 30 -1, 31 -1, 32 -1, 33 -1, 34 -1, 35 -1, 36 -1, 37 -1, 38 -1
-
-1 -1, 0 -1, 1 -1, 2 -1, 3 -1, 4 -1, 5 -1, 6 -1, 7 -1, 8 -1, 9 -1, 10 -1, 11 -1, 12 -1, 13 -1, 14 -1, 15 -1, 16 -1, 17 -1, 18 -1, 19 -1, 20 -1, 21 -1, 22 -1, 23 -1, 24 -1, 25 -1, 26 -1, 27 -1, 28 -1, 29 -1, 30 -1, 31 32, 32 -1, 33 -1, 34 35, 35 -1, 36 -1, 37 -1, 38 -1